metdat-2022-01-26 Sat Nov  4 21:06:05 2023
ih jhr ht winsp windir tempC
6 6 9.9 1.50 38.0 23.6
6 6 24.7 2.25 35.1 24.0
6 6 49.4 3.20 30.6 24.5
6 6 74.2 4.10 25.6 24.8
6 6 98.9 4.90 20.0 25.1
6 6 148.3 5.90 9.0 25.1
6 6 197.7 6.51 1.1 24.9
6 6 247.2 7.00 354.1 24.5
6 6 296.6 7.20 349.0 24.2
6 6 346.0 6.90 345.6 24.0
6 6 395.5 6.24 345.1 24.0
6 6 444.9 5.65 348.0 23.6
6 6 494.3 5.20 352.0 23.3
6 6 543.8 4.90 356.0 23.2
6 6 593.2 4.80 1.0 23.0
6 6 642.6 4.80 5.1 22.6
6 6 692.1 4.86 9.0 22.4
6 6 790.9 5.25 13.1 21.4
6 6 889.8 5.80 16.0 20.7
6 6 988.7 6.20 18.0 19.9
6 6 1087.5 6.54 19.0 19.4
6 6 1186.4 6.80 20.0 18.4
6 6 1285.3 7.10 21.0 17.6
6 6 1384.1 7.40 23.0 16.7
6 6 1483.0 7.60 25.0 15.7
6 6 1730.2 8.11 28.9 14.1
6 6 1977.3 8.30 33.0 12.1
6 6 2224.5 7.70 40.0 10.8
6 6 2471.7 6.90 40.0 9.1
6 6 2718.8 6.70 26.0 7.6
7 7 9.9 1.40 41.0 23.3
7 7 24.7 2.20 38.0 23.6
7 7 49.4 3.19 33.0 24.0
7 7 74.2 4.00 28.0 24.3
7 7 98.9 4.80 22.6 24.5
7 7 148.3 5.70 12.5 24.6
7 7 197.7 6.35 5.0 24.4
7 7 247.2 6.75 358.0 24.1
7 7 296.6 6.90 352.0 23.8
7 7 346.0 6.45 347.0 23.8
7 7 395.5 5.60 348.0 23.8
7 7 444.9 5.00 352.0 23.4
7 7 494.3 4.60 357.0 23.1
7 7 543.8 4.40 3.1 22.9
7 7 593.2 4.30 8.0 22.8
7 7 642.6 4.31 12.0 22.4
7 7 692.1 4.50 15.0 22.2
7 7 790.9 5.00 18.0 21.3
7 7 889.8 5.70 19.0 20.6
7 7 988.7 6.30 19.0 19.8
7 7 1087.5 6.70 19.0 19.3
7 7 1186.4 7.10 19.0 18.3
7 7 1285.3 7.41 21.0 17.5
7 7 1384.1 7.71 23.0 16.5
7 7 1483.0 8.00 25.5 15.6
7 7 1730.2 8.30 27.0 14.1
7 7 1977.3 8.30 28.0 12.2
7 7 2224.5 8.00 33.0 10.6
7 7 2471.7 7.20 37.0 9.0
7 7 2718.8 6.55 23.9 7.6
8 8 9.9 1.99 40.1 24.2
8 8 24.7 2.50 39.0 24.1
8 8 49.4 3.20 36.0 24.0
8 8 74.2 3.91 33.0 24.0
8 8 98.9 4.70 28.1 24.1
8 8 148.3 5.90 19.0 24.1
8 8 197.7 6.60 11.0 24.1
8 8 247.2 6.90 5.0 23.8
8 8 296.6 6.90 358.0 23.7
8 8 346.0 6.20 353.0 23.7
8 8 395.5 5.30 355.0 23.7
8 8 444.9 4.75 2.1 23.3
8 8 494.3 4.50 9.0 23.0
8 8 543.8 4.40 14.6 22.7
8 8 593.2 4.40 19.0 22.5
8 8 642.6 4.50 23.0 22.2
8 8 692.1 4.70 25.0 21.9
8 8 790.9 5.20 27.0 21.1
8 8 889.8 5.80 26.0 20.5
8 8 988.7 6.30 25.0 19.7
8 8 1087.5 6.70 24.0 19.1
8 8 1186.4 7.10 23.0 18.2
8 8 1285.3 7.51 23.0 17.3
8 8 1384.1 8.00 24.0 16.4
8 8 1483.0 8.30 24.0 15.5
8 8 1730.2 8.30 24.0 14.2
8 8 1977.3 8.00 24.0 12.3
8 8 2224.5 7.70 27.0 10.6
8 8 2471.7 7.30 30.5 9.0
8 8 2718.8 6.90 18.0 7.7
9 9 9.9 2.95 33.5 25.5
9 9 24.7 3.30 33.0 25.3
9 9 49.4 3.70 32.0 24.9
9 9 74.2 4.00 31.0 24.7
9 9 98.9 4.25 29.0 24.5
9 9 148.3 4.81 25.1 24.1
9 9 197.7 5.61 19.0 23.8
9 9 247.2 6.21 12.0 23.6
9 9 296.6 6.41 5.0 23.6
9 9 346.0 5.80 3.0 23.9
9 9 395.5 5.00 9.0 23.7
9 9 444.9 4.90 16.0 23.2
9 9 494.3 4.90 21.1 23.0
9 9 543.8 5.00 25.1 22.7
9 9 593.2 5.10 28.6 22.4
9 9 642.6 5.30 31.0 22.1
9 9 692.1 5.60 32.0 21.8
9 9 790.9 6.15 32.0 21.0
9 9 889.8 6.70 31.0 20.4
9 9 988.7 7.10 29.0 19.6
9 9 1087.5 7.40 28.0 19.0
9 9 1186.4 7.70 26.5 18.1
9 9 1285.3 7.90 26.0 17.3
9 9 1384.1 8.00 25.0 16.3
9 9 1483.0 7.96 25.0 15.4
9 9 1730.2 7.71 23.9 14.3
9 9 1977.3 7.46 22.0 12.5
9 9 2224.5 7.20 22.0 10.7
9 9 2471.7 6.90 20.9 9.1
9 9 2718.8 6.50 8.9 7.9
10 10 9.9 3.39 31.5 26.9
10 10 24.7 3.69 31.0 26.6
10 10 49.4 3.99 31.0 26.2
10 10 74.2 4.20 30.4 25.8
10 10 98.9 4.30 30.0 25.5
10 10 148.3 4.50 29.0 25.0
10 10 197.7 4.70 28.0 24.6
10 10 247.2 4.80 26.1 24.1
10 10 296.6 4.90 25.0 23.7
10 10 346.0 5.00 22.0 23.4
10 10 395.5 5.00 22.1 23.3
10 10 444.9 5.20 27.0 23.1
10 10 494.3 5.41 30.0 22.9
10 10 543.8 5.61 33.0 22.7
10 10 593.2 5.90 34.0 22.3
10 10 642.6 6.11 35.0 22.1
10 10 692.1 6.40 35.0 21.8
10 10 790.9 7.00 33.1 21.1
10 10 889.8 7.50 31.5 20.5
10 10 988.7 7.90 30.0 19.8
10 10 1087.5 8.10 29.0 19.1
10 10 1186.4 8.10 29.0 18.1
10 10 1285.3 7.90 28.0 17.2
10 10 1384.1 7.71 27.9 16.3
10 10 1483.0 7.61 27.0 15.6
10 10 1730.2 7.50 25.0 14.5
10 10 1977.3 7.10 22.0 12.5
10 10 2224.5 6.60 19.0 10.8
10 10 2471.7 6.05 11.9 9.2
10 10 2718.8 5.61 355.4 7.9
11 11 9.9 2.70 40.9 27.2
11 11 24.7 3.10 40.9 27.0
11 11 49.4 3.50 40.5 26.7
11 11 74.2 3.70 40.0 26.4
11 11 98.9 3.90 40.0 26.1
11 11 148.3 4.16 39.5 25.6
11 11 197.7 4.36 39.0 25.2
11 11 247.2 4.51 38.0 24.7
11 11 296.6 4.70 38.0 24.3
11 11 346.0 4.90 37.5 23.8
11 11 395.5 5.01 37.0 23.4
11 11 444.9 5.35 37.0 23.0
11 11 494.3 5.80 37.4 22.8
11 11 543.8 6.11 38.0 22.5
11 11 593.2 6.41 37.0 22.3
11 11 642.6 6.70 36.4 22.0
11 11 692.1 6.91 35.0 21.8
11 11 790.9 7.41 33.4 21.1
11 11 889.8 7.80 33.0 20.7
11 11 988.7 7.91 32.5 19.9
11 11 1087.5 8.00 32.0 19.0
11 11 1186.4 7.90 30.0 18.1
11 11 1285.3 7.80 28.0 17.3
11 11 1384.1 7.70 27.0 16.6
11 11 1483.0 7.60 26.0 16.0
11 11 1730.2 7.20 24.9 14.6
11 11 1977.3 6.70 22.0 12.5
11 11 2224.5 6.00 17.9 10.9
11 11 2471.7 5.25 6.9 9.3
11 11 2718.8 4.90 348.0 8.0
12 12 9.9 3.09 48.5 28.3
12 12 24.7 3.30 48.6 28.1
12 12 49.4 3.60 48.6 27.8
12 12 74.2 3.84 48.5 27.5
12 12 98.9 4.00 48.0 27.2
12 12 148.3 4.30 47.6 26.7
12 12 197.7 4.54 47.5 26.3
12 12 247.2 4.80 47.0 25.8
12 12 296.6 5.00 47.0 25.3
12 12 346.0 5.20 46.6 24.8
12 12 395.5 5.40 46.1 24.4
12 12 444.9 5.55 46.0 23.9
12 12 494.3 5.71 45.1 23.4
12 12 543.8 5.91 45.0 23.0
12 12 593.2 6.11 44.5 22.5
12 12 642.6 6.31 44.0 22.1
12 12 692.1 6.51 43.5 21.6
12 12 790.9 7.01 42.0 20.8
12 12 889.8 7.51 39.4 20.1
12 12 988.7 7.91 37.4 19.5
12 12 1087.5 8.20 35.0 18.9
12 12 1186.4 8.21 31.9 18.2
12 12 1285.3 8.10 29.0 17.6
12 12 1384.1 7.90 27.0 16.9
12 12 1483.0 7.60 26.0 16.3
12 12 1730.2 6.90 25.0 14.7
12 12 1977.3 6.15 21.0 12.6
12 12 2224.5 5.40 13.0 11.2
12 12 2471.7 4.70 359.0 9.5
12 12 2718.8 4.50 343.5 8.2
13 13 9.9 4.99 49.1 30.2
13 13 24.7 5.14 49.1 29.9
13 13 49.4 5.39 49.1 29.5
13 13 74.2 5.54 49.1 29.1
13 13 98.9 5.74 49.0 28.8
13 13 148.3 5.94 49.0 28.2
13 13 197.7 6.15 49.0 27.6
13 13 247.2 6.30 49.0 27.1
13 13 296.6 6.40 48.5 26.6
13 13 346.0 6.50 48.1 26.1
13 13 395.5 6.60 48.0 25.6
13 13 444.9 6.70 48.0 25.1
13 13 494.3 6.80 48.0 24.7
13 13 543.8 6.85 48.0 24.2
13 13 593.2 6.90 47.5 23.7
13 13 642.6 7.00 47.0 23.2
13 13 692.1 7.05 47.0 22.8
13 13 790.9 7.20 46.0 21.9
13 13 889.8 7.30 45.0 20.9
13 13 988.7 7.40 44.0 20.0
13 13 1087.5 7.50 43.0 19.1
13 13 1186.4 7.60 41.0 18.3
13 13 1285.3 7.70 37.9 17.6
13 13 1384.1 7.70 33.9 16.9
13 13 1483.0 7.65 29.0 16.4
13 13 1730.2 7.00 25.0 14.9
13 13 1977.3 6.20 20.0 13.0
13 13 2224.5 5.40 12.0 11.5
13 13 2471.7 4.70 359.0 9.9
13 13 2718.8 4.54 346.0 8.5
14 14 9.9 5.39 52.5 31.5
14 14 24.7 5.65 52.0 31.2
14 14 49.4 5.99 52.0 30.7
14 14 74.2 6.20 52.0 30.3
14 14 98.9 6.35 52.0 30.0
14 14 148.3 6.60 51.0 29.3
14 14 197.7 6.71 51.0 28.8
14 14 247.2 6.90 50.4 28.2
14 14 296.6 6.95 50.0 27.7
14 14 346.0 7.01 49.4 27.2
14 14 395.5 7.10 49.0 26.8
14 14 444.9 7.11 48.4 26.3
14 14 494.3 7.20 48.0 25.8
14 14 543.8 7.20 47.4 25.3
14 14 593.2 7.21 47.0 24.8
14 14 642.6 7.30 46.0 24.4
14 14 692.1 7.30 46.0 23.9
14 14 790.9 7.31 45.0 22.9
14 14 889.8 7.40 43.0 22.0
14 14 988.7 7.40 42.0 21.1
14 14 1087.5 7.40 40.4 20.1
14 14 1186.4 7.40 39.0 19.2
14 14 1285.3 7.44 38.0 18.3
14 14 1384.1 7.45 36.0 17.4
14 14 1483.0 7.40 34.0 16.5
14 14 1730.2 7.40 27.5 14.7
14 14 1977.3 6.75 20.0 13.4
14 14 2224.5 5.90 13.4 11.8
14 14 2471.7 5.10 4.0 10.2
14 14 2718.8 4.80 351.0 8.7
15 15 9.9 5.10 51.0 32.2
15 15 24.7 5.39 51.0 32.0
15 15 49.4 5.60 51.0 31.6
15 15 74.2 5.80 51.0 31.2
15 15 98.9 6.00 51.0 30.9
15 15 148.3 6.20 50.0 30.3
15 15 197.7 6.35 50.0 29.8
15 15 247.2 6.50 49.0 29.2
15 15 296.6 6.60 49.0 28.7
15 15 346.0 6.70 48.0 28.2
15 15 395.5 6.75 48.0 27.7
15 15 444.9 6.80 47.0 27.2
15 15 494.3 6.90 47.0 26.8
15 15 543.8 6.95 46.0 26.3
15 15 593.2 7.00 46.0 25.8
15 15 642.6 7.05 45.0 25.3
15 15 692.1 7.10 45.0 24.8
15 15 790.9 7.20 43.4 23.9
15 15 889.8 7.30 42.0 22.9
15 15 988.7 7.40 41.0 22.0
15 15 1087.5 7.50 40.0 21.0
15 15 1186.4 7.55 39.0 20.1
15 15 1285.3 7.60 37.9 19.1
15 15 1384.1 7.70 36.0 18.2
15 15 1483.0 7.80 35.0 17.3
15 15 1730.2 7.90 31.9 14.9
15 15 1977.3 7.90 26.4 12.9
15 15 2224.5 7.20 20.0 11.4
15 15 2471.7 5.60 9.9 10.3
15 15 2718.8 4.80 358.0 8.8
16 16 9.9 5.14 43.0 32.3
16 16 24.7 5.59 43.0 32.0
16 16 49.4 6.09 43.0 31.7
16 16 74.2 6.40 42.0 31.4
16 16 98.9 6.60 42.0 31.1
16 16 148.3 6.90 42.0 30.5
16 16 197.7 7.10 42.0 30.0
16 16 247.2 7.20 42.0 29.5
16 16 296.6 7.30 41.1 29.0
16 16 346.0 7.40 41.0 28.5
16 16 395.5 7.50 41.0 28.1
16 16 444.9 7.50 41.0 27.6
16 16 494.3 7.60 41.0 27.1
16 16 543.8 7.60 41.0 26.6
16 16 593.2 7.65 40.0 26.1
16 16 642.6 7.70 40.0 25.7
16 16 692.1 7.70 40.0 25.2
16 16 790.9 7.75 40.0 24.2
16 16 889.8 7.80 39.0 23.3
16 16 988.7 7.80 39.0 22.3
16 16 1087.5 7.80 39.0 21.4
16 16 1186.4 7.80 38.0 20.4
16 16 1285.3 7.80 38.0 19.5
16 16 1384.1 7.80 37.0 18.5
16 16 1483.0 7.80 37.0 17.6
16 16 1730.2 7.70 36.0 15.2
16 16 1977.3 7.60 34.0 13.0
16 16 2224.5 7.40 30.0 11.1
16 16 2471.7 5.50 14.0 9.9
16 16 2718.8 4.30 2.9 8.8
17 17 9.9 5.35 39.6 32.5
17 17 24.7 5.79 39.5 32.3
17 17 49.4 6.34 39.0 31.9
17 17 74.2 6.69 39.0 31.6
17 17 98.9 6.90 39.0 31.3
17 17 148.3 7.20 39.0 30.8
17 17 197.7 7.40 39.0 30.3
17 17 247.2 7.54 39.0 29.8
17 17 296.6 7.65 39.0 29.3
17 17 346.0 7.74 38.5 28.8
17 17 395.5 7.80 38.0 28.3
17 17 444.9 7.90 38.0 27.8
17 17 494.3 7.90 38.0 27.3
17 17 543.8 8.00 38.0 26.8
17 17 593.2 8.00 38.0 26.4
17 17 642.6 8.04 38.0 25.9
17 17 692.1 8.10 38.0 25.4
17 17 790.9 8.10 37.0 24.4
17 17 889.8 8.10 37.0 23.5
17 17 988.7 8.10 37.0 22.5
17 17 1087.5 8.14 37.0 21.6
17 17 1186.4 8.10 36.0 20.6
17 17 1285.3 8.10 36.0 19.7
17 17 1384.1 8.10 36.0 18.7
17 17 1483.0 8.10 35.0 17.8
17 17 1730.2 8.00 34.0 15.5
17 17 1977.3 7.80 33.0 13.2
17 17 2224.5 7.40 29.0 11.3
17 17 2471.7 5.20 13.0 10.3
17 17 2718.8 4.10 6.0 8.9
18 18 9.9 4.89 38.0 32.2
18 18 24.7 5.74 38.0 32.0
18 18 49.4 6.54 37.5 31.7
18 18 74.2 7.00 37.0 31.4
18 18 98.9 7.30 37.0 31.2
18 18 148.3 7.70 37.0 30.7
18 18 197.7 7.94 36.5 30.2
18 18 247.2 8.10 36.0 29.7
18 18 296.6 8.30 36.0 29.2
18 18 346.0 8.39 36.0 28.7
18 18 395.5 8.40 36.0 28.3
18 18 444.9 8.50 35.0 27.8
18 18 494.3 8.55 35.0 27.3
18 18 543.8 8.60 35.0 26.8
18 18 593.2 8.60 35.0 26.3
18 18 642.6 8.70 34.5 25.9
18 18 692.1 8.70 34.0 25.4
18 18 790.9 8.70 34.0 24.4
18 18 889.8 8.75 33.0 23.5
18 18 988.7 8.80 33.0 22.5
18 18 1087.5 8.79 32.9 21.6
18 18 1186.4 8.70 32.0 20.6
18 18 1285.3 8.70 32.0 19.7
18 18 1384.1 8.70 31.0 18.7
18 18 1483.0 8.60 31.0 17.8
18 18 1730.2 8.50 29.4 15.4
18 18 1977.3 8.26 28.0 13.2
18 18 2224.5 7.25 25.0 11.5
18 18 2471.7 4.95 16.0 10.4
18 18 2718.8 3.86 10.0 9.1
19 19 9.9 4.19 35.0 31.5
19 19 24.7 5.39 35.0 31.4
19 19 49.4 6.54 35.0 31.3
19 19 74.2 7.24 34.0 31.1
19 19 98.9 7.70 34.0 30.9
19 19 148.3 8.39 33.4 30.4
19 19 197.7 8.70 33.0 30.0
19 19 247.2 9.00 33.0 29.5
19 19 296.6 9.10 32.0 29.0
19 19 346.0 9.30 32.0 28.6
19 19 395.5 9.30 32.0 28.1
19 19 444.9 9.40 32.0 27.6
19 19 494.3 9.50 31.5 27.1
19 19 543.8 9.50 31.0 26.6
19 19 593.2 9.50 31.0 26.2
19 19 642.6 9.50 31.0 25.7
19 19 692.1 9.51 31.0 25.2
19 19 790.9 9.55 30.0 24.3
19 19 889.8 9.50 30.0 23.3
19 19 988.7 9.50 30.0 22.4
19 19 1087.5 9.40 29.0 21.4
19 19 1186.4 9.40 29.0 20.5
19 19 1285.3 9.30 28.0 19.5
19 19 1384.1 9.20 28.0 18.6
19 19 1483.0 9.10 28.0 17.6
19 19 1730.2 8.80 27.0 15.3
19 19 1977.3 8.11 25.0 13.0
19 19 2224.5 6.70 21.0 11.6
19 19 2471.7 4.80 12.9 10.8
19 19 2718.8 3.90 10.0 9.3
20 20 9.9 3.99 35.0 30.9
20 20 24.7 5.19 34.5 30.8
20 20 49.4 6.29 34.0 30.7
20 20 74.2 7.09 34.0 30.5
20 20 98.9 7.69 33.0 30.3
20 20 148.3 8.60 32.0 29.9
20 20 197.7 9.40 31.1 29.5
20 20 247.2 10.00 31.0 29.0
20 20 296.6 10.50 30.0 28.6
20 20 346.0 10.90 29.0 28.1
20 20 395.5 11.00 29.0 27.7
20 20 444.9 11.10 28.0 27.2
20 20 494.3 11.10 28.0 26.7
20 20 543.8 11.10 28.0 26.3
20 20 593.2 11.00 27.5 25.8
20 20 642.6 11.00 27.0 25.3
20 20 692.1 10.90 27.0 24.8
20 20 790.9 10.80 27.0 23.9
20 20 889.8 10.60 26.0 22.9
20 20 988.7 10.40 26.0 22.0
20 20 1087.5 10.20 26.0 21.1
20 20 1186.4 10.00 25.0 20.1
20 20 1285.3 9.70 25.0 19.2
20 20 1384.1 9.41 25.0 18.3
20 20 1483.0 9.20 24.0 17.4
20 20 1730.2 8.40 24.0 15.1
20 20 1977.3 7.40 23.9 13.2
20 20 2224.5 6.19 23.9 12.0
20 20 2471.7 4.90 18.0 11.0
20 20 2718.8 4.10 14.0 9.4
21 21 9.9 3.89 35.0 30.1
21 21 24.7 5.14 34.0 30.1
21 21 49.4 6.30 34.0 30.0
21 21 74.2 7.19 33.0 29.8
21 21 98.9 7.84 33.0 29.7
21 21 148.3 8.90 32.0 29.3
21 21 197.7 9.80 31.0 28.9
21 21 247.2 10.40 30.0 28.5
21 21 296.6 10.86 29.0 28.1
21 21 346.0 11.40 28.0 27.6
21 21 395.5 12.00 26.0 27.2
21 21 444.9 12.20 25.0 26.7
21 21 494.3 12.10 25.0 26.3
21 21 543.8 12.00 25.0 25.8
21 21 593.2 11.90 24.0 25.3
21 21 642.6 11.80 24.0 24.9
21 21 692.1 11.70 24.0 24.4
21 21 790.9 11.40 23.0 23.5
21 21 889.8 11.10 23.0 22.5
21 21 988.7 10.80 22.0 21.6
21 21 1087.5 10.40 22.0 20.7
21 21 1186.4 10.00 21.4 19.8
21 21 1285.3 9.60 21.0 18.9
21 21 1384.1 9.20 21.0 18.0
21 21 1483.0 8.80 21.0 17.2
21 21 1730.2 7.90 23.0 15.1
21 21 1977.3 7.20 26.0 13.5
21 21 2224.5 6.69 27.9 12.4
21 21 2471.7 5.70 23.0 11.1
21 21 2718.8 4.60 19.0 9.4
22 22 9.9 3.79 35.0 29.4
22 22 24.7 4.94 35.0 29.4
22 22 49.4 6.10 34.0 29.3
22 22 74.2 7.04 33.1 29.2
22 22 98.9 7.79 33.0 29.1
22 22 148.3 9.05 31.0 28.8
22 22 197.7 10.00 29.5 28.4
22 22 247.2 10.66 28.0 28.0
22 22 296.6 11.21 27.0 27.6
22 22 346.0 11.80 25.0 27.2
22 22 395.5 12.60 23.0 26.8
22 22 444.9 12.66 22.0 26.3
22 22 494.3 12.50 22.0 25.9
22 22 543.8 12.40 21.0 25.4
22 22 593.2 12.20 21.0 25.0
22 22 642.6 12.10 21.0 24.5
22 22 692.1 11.96 21.0 24.0
22 22 790.9 11.61 20.0 23.1
22 22 889.8 11.30 20.0 22.2
22 22 988.7 10.90 20.0 21.3
22 22 1087.5 10.50 19.9 20.4
22 22 1186.4 10.10 19.9 19.5
22 22 1285.3 9.70 20.0 18.6
22 22 1384.1 9.30 20.0 17.8
22 22 1483.0 9.00 21.0 17.0
22 22 1730.2 8.29 24.0 15.1
22 22 1977.3 7.70 27.0 13.6
22 22 2224.5 7.25 28.0 12.5
22 22 2471.7 6.30 24.0 11.1
22 22 2718.8 4.99 20.0 9.5
23 23 9.9 3.79 36.0 28.7
23 23 24.7 4.99 35.0 28.7
23 23 49.4 6.19 34.0 28.7
23 23 74.2 7.10 33.0 28.6
23 23 98.9 7.89 32.0 28.5
23 23 148.3 9.20 30.0 28.2
23 23 197.7 10.30 28.0 27.9
23 23 247.2 11.01 26.0 27.5
23 23 296.6 11.70 24.0 27.1
23 23 346.0 12.51 22.0 26.7
23 23 395.5 13.20 19.0 26.3
23 23 444.9 13.10 19.0 25.8
23 23 494.3 13.00 18.0 25.4
23 23 543.8 12.80 18.0 24.9
23 23 593.2 12.70 18.0 24.5
23 23 642.6 12.50 18.0 24.0
23 23 692.1 12.30 18.0 23.6
23 23 790.9 11.90 18.0 22.6
23 23 889.8 11.50 19.0 21.7
23 23 988.7 11.00 19.0 20.8
23 23 1087.5 10.50 20.0 20.0
23 23 1186.4 10.10 21.0 19.1
23 23 1285.3 9.70 22.0 18.2
23 23 1384.1 9.50 23.4 17.4
23 23 1483.0 9.30 25.0 16.7
23 23 1730.2 9.10 27.0 14.9
23 23 1977.3 8.60 28.0 13.6
23 23 2224.5 7.60 27.0 12.5
23 23 2471.7 6.69 24.0 11.0
23 23 2718.8 5.30 19.0 9.5
24 0 9.9 3.85 36.0 28.1
24 0 24.7 5.09 35.0 28.1
24 0 49.4 6.29 34.0 28.0
24 0 74.2 7.20 33.1 27.9
24 0 98.9 8.00 32.1 27.8
24 0 148.3 9.45 30.0 27.6
24 0 197.7 10.60 28.0 27.3
24 0 247.2 11.50 25.0 26.9
24 0 296.6 12.40 23.0 26.5
24 0 346.0 13.20 20.0 26.2
24 0 395.5 13.60 18.0 25.8
24 0 444.9 13.60 17.0 25.3
24 0 494.3 13.56 17.0 24.8
24 0 543.8 13.40 17.0 24.4
24 0 593.2 13.30 17.0 23.9
24 0 642.6 13.10 17.0 23.5
24 0 692.1 12.90 18.0 23.0
24 0 790.9 12.40 18.0 22.1
24 0 889.8 12.00 19.0 21.2
24 0 988.7 11.50 21.0 20.3
24 0 1087.5 11.00 22.0 19.5
24 0 1186.4 10.60 24.0 18.6
24 0 1285.3 10.30 26.0 17.8
24 0 1384.1 10.10 27.0 17.0
24 0 1483.0 10.10 28.4 16.3
24 0 1730.2 10.20 29.9 14.7
24 0 1977.3 9.69 28.0 13.4
24 0 2224.5 8.09 26.0 12.3
24 0 2471.7 6.75 24.0 10.8
24 0 2718.8 5.39 19.0 9.4
25 1 9.9 3.90 34.0 27.5
25 1 24.7 5.19 33.0 27.5
25 1 49.4 6.40 33.0 27.4
25 1 74.2 7.34 32.0 27.3
25 1 98.9 8.14 31.0 27.2
25 1 148.3 9.60 29.0 26.9
25 1 197.7 10.80 27.0 26.7
25 1 247.2 11.75 24.5 26.3
25 1 296.6 12.70 22.0 26.0
25 1 346.0 13.70 19.0 25.6
25 1 395.5 14.20 17.0 25.2
25 1 444.9 14.30 16.0 24.8
25 1 494.3 14.30 16.0 24.3
25 1 543.8 14.20 16.0 23.8
25 1 593.2 14.10 16.0 23.4
25 1 642.6 13.90 16.0 23.0
25 1 692.1 13.80 17.0 22.5
25 1 790.9 13.40 17.0 21.6
25 1 889.8 13.00 18.0 20.7
25 1 988.7 12.50 20.0 19.8
25 1 1087.5 12.09 21.0 19.0
25 1 1186.4 11.60 23.0 18.1
25 1 1285.3 11.30 25.0 17.3
25 1 1384.1 11.20 26.0 16.6
25 1 1483.0 11.20 28.0 15.9
25 1 1730.2 11.20 28.4 14.5
25 1 1977.3 10.30 26.0 13.3
25 1 2224.5 8.30 22.0 12.1
25 1 2471.7 6.60 20.0 10.7
25 1 2718.8 5.29 15.0 9.3
26 2 9.9 3.90 33.0 26.9
26 2 24.7 5.19 33.0 26.9
26 2 49.4 6.39 32.0 26.8
26 2 74.2 7.30 31.0 26.7
26 2 98.9 8.10 31.0 26.6
26 2 148.3 9.69 29.0 26.4
26 2 197.7 10.90 26.0 26.1
26 2 247.2 11.96 24.0 25.8
26 2 296.6 13.10 22.0 25.5
26 2 346.0 14.10 19.0 25.2
26 2 395.5 14.70 17.0 24.8
26 2 444.9 14.75 16.0 24.3
26 2 494.3 14.70 16.0 23.9
26 2 543.8 14.70 16.0 23.4
26 2 593.2 14.60 15.4 22.9
26 2 642.6 14.50 15.0 22.5
26 2 692.1 14.40 15.4 22.0
26 2 790.9 14.20 16.0 21.1
26 2 889.8 13.90 16.0 20.2
26 2 988.7 13.60 17.0 19.3
26 2 1087.5 13.20 19.0 18.4
26 2 1186.4 12.80 20.0 17.7
26 2 1285.3 12.40 21.0 17.0
26 2 1384.1 12.10 23.0 16.4
26 2 1483.0 11.85 24.0 15.8
26 2 1730.2 11.40 25.0 14.5
26 2 1977.3 10.10 22.0 13.4
26 2 2224.5 7.90 18.0 12.2
26 2 2471.7 6.19 16.0 10.9
26 2 2718.8 4.95 11.0 9.5
27 3 9.9 3.99 34.5 26.4
27 3 24.7 5.19 34.0 26.4
27 3 49.4 6.44 33.0 26.3
27 3 74.2 7.39 32.5 26.2
27 3 98.9 8.14 32.0 26.0
27 3 148.3 9.69 30.0 25.8
27 3 197.7 10.90 28.0 25.5
27 3 247.2 12.10 26.0 25.2
27 3 296.6 13.30 23.0 24.9
27 3 346.0 14.30 21.0 24.6
27 3 395.5 15.20 18.0 24.4
27 3 444.9 15.30 16.9 23.9
27 3 494.3 15.25 16.0 23.5
27 3 543.8 15.20 15.0 23.0
27 3 593.2 15.10 15.0 22.6
27 3 642.6 15.00 14.0 22.1
27 3 692.1 14.90 14.0 21.7
27 3 790.9 14.65 14.0 20.7
27 3 889.8 14.40 14.0 19.8
27 3 988.7 14.11 14.0 18.9
27 3 1087.5 13.90 14.0 18.0
27 3 1186.4 13.50 15.0 17.2
27 3 1285.3 13.00 16.0 16.5
27 3 1384.1 12.50 17.0 16.0
27 3 1483.0 12.00 18.0 15.5
27 3 1730.2 11.00 20.0 14.5
27 3 1977.3 9.50 18.0 13.6
27 3 2224.5 7.35 14.0 12.5
27 3 2471.7 5.75 12.0 11.2
27 3 2718.8 4.70 7.9 9.8
28 4 9.9 4.49 36.0 25.9
28 4 24.7 5.79 35.0 25.9
28 4 49.4 7.09 35.0 25.8
28 4 74.2 7.99 34.0 25.7
28 4 98.9 8.69 34.0 25.5
28 4 148.3 9.90 32.0 25.2
28 4 197.7 11.00 31.0 24.9
28 4 247.2 11.90 29.4 24.5
28 4 296.6 12.86 28.0 24.1
28 4 346.0 13.80 26.0 23.8
28 4 395.5 14.90 23.0 23.5
28 4 444.9 15.90 19.9 23.3
28 4 494.3 16.15 17.0 22.9
28 4 543.8 15.95 15.0 22.5
28 4 593.2 15.70 14.0 22.1
28 4 642.6 15.45 13.0 21.7
28 4 692.1 15.20 12.0 21.2
28 4 790.9 14.70 11.0 20.4
28 4 889.8 14.30 10.0 19.5
28 4 988.7 13.90 10.0 18.6
28 4 1087.5 13.50 9.0 17.7
28 4 1186.4 13.16 9.6 16.9
28 4 1285.3 12.70 10.0 16.2
28 4 1384.1 12.20 11.0 15.7
28 4 1483.0 11.60 12.0 15.3
28 4 1730.2 10.30 14.0 14.6
28 4 1977.3 8.75 12.0 13.9
28 4 2224.5 6.80 8.0 12.8
28 4 2471.7 5.50 6.0 11.5
28 4 2718.8 4.70 2.0 10.1
29 5 9.9 4.69 36.0 25.5
29 5 24.7 6.09 36.0 25.4
29 5 49.4 7.44 36.0 25.3
29 5 74.2 8.34 35.0 25.2
29 5 98.9 9.04 35.0 25.0
29 5 148.3 10.10 34.0 24.6
29 5 197.7 11.04 32.5 24.2
29 5 247.2 11.90 31.0 23.9
29 5 296.6 12.60 30.0 23.5
29 5 346.0 13.30 28.0 23.1
29 5 395.5 14.10 26.0 22.7
29 5 444.9 14.90 24.0 22.4
29 5 494.3 16.10 19.0 22.2
29 5 543.8 16.25 14.9 22.0
29 5 593.2 15.90 12.0 21.7
29 5 642.6 15.50 10.0 21.3
29 5 692.1 15.15 9.0 20.9
29 5 790.9 14.50 7.0 20.1
29 5 889.8 13.90 6.0 19.3
29 5 988.7 13.40 5.0 18.4
29 5 1087.5 12.90 4.0 17.6
29 5 1186.4 12.40 3.0 16.8
29 5 1285.3 11.90 3.0 16.2
29 5 1384.1 11.40 4.0 15.8
29 5 1483.0 10.85 6.0 15.4
29 5 1730.2 9.50 7.0 14.8
29 5 1977.3 8.05 2.9 14.1
29 5 2224.5 6.49 357.0 13.1
29 5 2471.7 5.50 355.0 11.7
29 5 2718.8 4.90 351.0 10.2
30 6 9.9 4.59 39.0 24.8
30 6 24.7 6.04 38.0 24.8
30 6 49.4 7.39 38.0 24.7
30 6 74.2 8.29 37.0 24.5
30 6 98.9 8.99 36.0 24.4
30 6 148.3 10.09 35.0 24.0
30 6 197.7 10.90 34.0 23.6
30 6 247.2 11.70 33.0 23.2
30 6 296.6 12.40 31.0 22.8
30 6 346.0 13.00 30.0 22.5
30 6 395.5 13.70 27.9 22.1
30 6 444.9 14.50 24.9 21.8
30 6 494.3 15.60 19.0 21.7
30 6 543.8 16.10 14.0 21.5
30 6 593.2 15.80 10.0 21.4
30 6 642.6 15.30 7.0 21.1
30 6 692.1 14.86 6.0 20.7
30 6 790.9 14.10 3.0 20.0
30 6 889.8 13.46 1.0 19.2
30 6 988.7 12.80 359.0 18.4
30 6 1087.5 12.20 357.0 17.5
30 6 1186.4 11.66 356.0 16.8
30 6 1285.3 11.10 356.0 16.3
30 6 1384.1 10.55 356.0 15.9
30 6 1483.0 10.00 357.0 15.5
30 6 1730.2 8.70 355.9 15.0
30 6 1977.3 7.39 348.9 14.3
30 6 2224.5 6.19 343.0 13.2
30 6 2471.7 5.55 341.0 11.8
30 6 2718.8 5.20 338.0 10.3
